-362482
-362495
-362482
-362487
-362469
-362464
-362467
6888234
6888252
6888252
6888266
6888266
6888266
6888266
6888266
6888259
6888279
6888343
6888333
6888372
6888363
6888363
6888363
6888363
6888364
6888363
6888357
6888381
6888374
6888374
6888383
6888375
6888385
6888377
6888377
6888377
6888377
6888377
6888377
6888377
6888378
6888377
6888377
6888378
6888387
6888387
6888387
6888387
6888387
6888387
6888395
6888395
6888396
6888398
6888388
6888399
6888399
6888390
6888400
6888400
6888400
6888400
6888400
6888400
6888400
6888400
6888400
6888400
6888400
6888400
6888400
6888457
6888457
6888457
6888465
6888468
6888466
6888469
6888469
6888469
6888469
6888469
6888473
6888470
6888474
6888474
6888470
6888470
6888460
6888471
6888471
6888471
6888471
6888471
6888471
6888461
6888461
6888461
6888461
6888461
6888461
6888461
6888461
6888473
6888472
6888472
6888472
6888472
6888472
6888472
6888481
6888481
6888481
6888481
6888481
6888481
6888481
6888481
6888481
6888481
6888481
6888505
6888505
6888514
6888520
6888506
6888520
6888532
6888540
6888540
6888540
6888549
6888553
6888553
6888545
6888576
6888576
6888567
6888567
6888577
6888577
6888577
6888577
6888568
6888568
6888578
6888578
6888578
6888636
6888635
6888636
6888636
6888636
6888649
6888649
6888649
6888650
6888649
6888650
6888649
6888649
6888660
6888660
6888660
6888661
6888661
6888661
6888661
6888662
6888674
6888674
6888674
6888687
6888687
6888688
6888688
6888688
6888668
6888679
6888669
6888680
6888680
6888690
6888691
6888690
6888693
6888693
6888693
6888693
6888693
6888693
6888693
6888693
6888691
6888691
6888691
6888717
6888716
6888717
6888717
6888716
6888819
6888819
6888819
6888821
6888821
6888821
6888821
6888821
6888821
6888822
6888822
6888822
6888822
6888822
6888822
6888823
6888823
6888823
6888824
6888824
6888833
6888833
6888834
6888834
6888867
6888866
6888872
6888873
6888873
6888873
6888873
6888873
6888873
6888873
6888873
6888872
6888873
6888873
6888873
6888868
6888868
6888868
6888868
6888868
6888868
6888961
6888961
6888961
6888961
6888961
6888961
6888962
6888962
6888978
6888977
6888978
6888979
6888979
6888979
6888979
6888979
6888979
6888979
6888979
6888979
6888979
6888979
6888979
6888979
6888981
6888988
6888981
6888988
6888981
6888981
6888981
6888982
6888982
6888982
6888991
6888991
6888991
6889001
6889001
6889001
6889015
6889015
6889014
6889007
6889007
6889016
6889008
6889016
6889041
6889041
6889076
6889075
6889076
6889088
6889087
6889087
6889086
6889086
6889085
6889085
6889085
6889084
6889084
6889086
6889196
6889195
6889205
6889205
6889205
6889204
6889204
6889203
6889207
6889207
6889207
6889203
6889207
6889203
6889207
6889207
6889204
6889207
6889204
6889207
6889204
6889207
6889207
6889207
6889201
6889201
6889201
6889208
6889208
6889207
6889207
6889207
6889207
6889207
6889207
6889207
6889207
6889207
6889207
6889222
6889222
6889222
6889224
6889103
6889103
6889103
6889103
6889103
6889103
6889226
6889227
6889227
6889239
6889239
6889240
6889240
6889240
6889139
6889139
6889138
6889139
6889139
6889138
6889138
6889138
6889138
6889138
6889138
6889138
6889138
6889138
6889138
6889138
6889138
6889108
6889108
6889108
6889108
6889108
6889108
6889108
6889139
6889142
6889142
6889142
6889142
6889112
6889113
6889113
6889113
6889113
6889114
6889114
6889114
6889114
6889285
6889285
6889290
6889290
6889290
6889290
6889323
6889323
6889324
6889416
6889416
6889416
6889416
6889416
6889325
6889324
6889324
6889324
6889324
6889416
6889416
6889416
6889293
6889293
6889293
6889291
6889314
6889314
6889313
6889314
6889442
6889442
6889442
6889442
6889442
6889442
6889442
6889442
6889442
6889442
6889442
6889449
6889449
6889384
6889317
6889384
6889444
6889444
6889385
6889384
6889444
6889384
6889385
6889444
6889444
6889385
6889444
6889385
6889445
6889385
6889445
6889385
6889385
6889365
6889365
6889370
6889398
6889399
6889410
6889410
6889410
6889417
6889417
6889418
6889418
6889418
6889418
6889418
6889417
6889418
6889418
6889388
6889388
6889517
6889388
6889518
6889388
6889518
6889388
6889399
6889399
6889399
6889447
6889511
6889572
6889572
6889572
6889512
6889511
6889512
6889512
6889512
6889513
6889513
6889513
6889583
6889584
6889584
6889584
6889584
6889584
6889585
6889585
6889585
6889585
6889585
6889585
6889585
6889586
6889586
6889585
6889585
6889586
6889585
6889585
6889585
6889520
6889585
6889520
6889586
6889520
6889586
6889586
6889586
6889586
6889460
6889600
-29364149
-29364023
-29364023
-29364008
-29364023
-29364087
-29364087
-29364023
-29364008
-29364087
-29364023
-29364087
-29364023
-29363936
-29364016
-29363951
-29363934
-29363949
-29364013
-29363949
-29364013
-29363933
-29363948
-29364013
-29363948
-29364013
-29363933
-29364012
-29364013
-29363932
-29364012
-29363948
-29363932
-29364012
-29363933
-29364076
-29363933
-29363917
-29364076
-29363917
-29364011
-29363853
-29364002
-29364003
-29363842
-29364003
-29364003
-29363990
-29363967
-29363990
-29363963
-29363986
-29363964
-29363985
-29363963
-29363970
-29363949
-29363970
-29363970
-29363822
-29363970
-29363813
-29363961
-29363810
-29363958
-29363810
-29363948
-29363800
-29363948
-29363774
-29363922
-29363770
-29363918
-29363770
-29363833
-29363685
-29363833
-29363683
-29363831
-29363681
-29363829
-29363681
-29363681
-29363829
-29363829
-29363636
-29363636
-29363636
-29363636
-29363637
-29363561
-29363394
-29363561
-29363375
-29363375
-29363540
-29363373
-29363373
-29363525
-29363359
-29363525
-29363349
-29363516
-29363348
-29363347
-29363347
-29363285
-29363452
-29363265
-29363265
-29363264
-29363264
-29363264
-29363263
-29363259
-29363259
-29363259
-29363259
-29363259
-29363259
-29363259
-29363259
-29363259
-29363259
-29363259
-29363393
-29363259
-29363393
-29363259
-29363393
-29363259
-29363393
-29363258
-29363393
-29363258
-29363258
-29363258
-29363258
-29363258
-29363391
-29363258
-29363391
-29363391
-29363391
-29363391
-29363391
-29363391
-29363391
-29363391
-29363391
-29363391
-29363385
-29363385
-29363384
-29363390
-29363384
-29363390
-29363384
-29363389
-29363383
-29363383
-29363383
-29363383
-29363383
-29363383
-29363382
-29363382
-29363382
-29363382
-29363383
-29363382
-29363382
-29363382
-29363382
-29363382
-29363382
-29363407
-29363407
-29363407
-29363407
-29363242
-29363407
-29363242
-29363406
-29363241
-29363406
-29363241
-29363241
-29363406
-29363240
-29363240
-29363240
-29363240
-29363240
-29363327
-29363327
-29363328
-29363327
-29363319
-29363319
-29363320
-29363320
-29363320
-29363320
-29363318
-29363319
-29363319
-29363392
-29363319
-29363392
-29363318
-29363392
-29363392
-29363318
-29363392
-29363318
-29363391
-29363391
-29363391
-29363391
-29363391
-29363391
-29363391
-29363316
-29363317
-29363391
-29363316
-29363391
-29363316
-29363391
-29363316
-29363391
-29363316
-29363391
-29363316
-29363388
-29363314
-29363454
-29363313
-29363313
-29363312
-29363312
-29363312
-29363355
-29363311
-29363311
-29363311
-29363354
-29363353
-29363310
-29363353
-29363310
-29363353
-29363310
-29363310
-29363353
-29363353
-29363309
-29363353
-29363309
-29363309
-29363309
-29363309
-29363309
-29363310
-29363309
-29363309
-29363309
-29363310
-29363447
-29363447
-29363447
-29363356
-29363356
-29363356
-29363343
-29363343
-29363343
-29363343
-29363343
-29363318
-29363318
-29363196
-29363294
-29363294
-29363251
-29363128
-29363251
-29363240
-29363117
-29363240
-29363240
-29363116
-29363239
-29363115
-29363237
-29363114
-29363113
-29363237
-29363113
-29363113
-29363113
-29363112
-29363112
-29363112
-29363112
-29362979
-29362979
-29363111
-29362979
-29363110
-29362978
-29362978
-29363110
-29363109
-29363109
-29363109
-29363109
-29363109
-29363109
-29363109
-29363108
-29363108
-29363108
-29363108
-29363108
-29363108
-29363108
-29363108
-29363108
-29363108
-29363108
-29363108
-29363108
-29363208
-29363205
-29363206
-29363206
-29363206
-29363206
-29363100
-29363100
-29363100
-29363206
-29363206
-29363207
-29363207
-29363207
-29362966
-29363207
-29363207
-29363207
-29363207
-29362967
-29362967
-29362967
-29362966
-29362951
-29362951
-29362949
-29362949
-29362948
-29362948
-29362948
-29362948
-29362947
-29362947
-29362947
-29362946
-29362946
-29362945
-29362946
-29362945
-29362945
-29362945
-29362945
-29362945
-29363250
-29363071
-29363070
-29363071
-29363249
-29363250
-29362930
-29362930
-29363172
-29363172
-29363172
-29363172
-29363173
-29363173
-29363173
-29363173
-29363173
-29363068
-29363068
-29363068
-29363068
-29363068
-29363068
-29363068
-29363068
-29363172
-29363172
-29363172
-29363172
-29363172
-29363172
-29363172
-29363172
-29363172
-29363172
-29363156
-29363156
-29363168
-29363147
-29363159
-29363147
-29363157
-29363145
-29363145
-29363145
-29363145
-29363145
-29363156
-29363156
-29363156
-29363156
-29363155
-29363155
-29363155
-29363155
-29363155
-29363155
-29363155
-29363155
-29363155
-29363155
-29363155
-29363126
-29363126
-29363125
-29363125
-29363125
-29363125
-29363180
-29363125
-29363179
-29363125
-29363180
-29363180
-29363180
-29363124
-29363180
-29363180
-29363107
-29363181
-29363107
-29363181
-29363181
-29363181
-29363181
-29363181
-29362978
-29363160
-29363137
-29362954
-29363137
-29363136
-29363137
-29363136
-29363005
-29363006
-29362990
-29362990
-29362990
-29362990
-29362990
-29362990
-29362988
-29362989
-29362987
-29362988
-29362988
-29362987
-29362988
-29362988
-29362988
-29362988
-29362989
-29362989
-29362990
-29362990
-29363056
-29363056
-29363056
-29363056
-29363057
-29363056
-29363056
-29363056
-29363056
-29362870
-29363056
-29363056
-29362870
-29363056
-29362870
-29363056
-29362870
-29363051
-29362865
-29363051
-29362864
-29363050
-29363100
-29363100
-29363100
-29000565
-29000565
-29000565
-29000565
-29000565
-29000565
-29000566
-29362858
-29362858
-29362858
-29362974
-29362974
-29362974
-29362974
-29362974
-29362857
-29362857
-29362857
-29362857
-29362857
-29362974
-29362974
-29362974
-29362978
-29362978
-29362977
-29362977
-29362977
-29362977
-29362976
-29362976
-29362976
-29362976
-29362976
-29362976
-29362976
-29362975
-29362969
-29362969
-29362969
-29362932
-29362932
-29362932
-29362932
-29362936
-29362811
-29362930
-29362934
-29362810
-29362946
-29362933
-29362932
-29362932
-29362932
-29362931
-29362925
-29362931
-29362925
-29362925
-29362925
-29362930
-29362924
-29362929
-29362924
-29362928
-29362924
-29362924
-29362924
-29362923
-29362906
-29362923
-29362923
-29362905
-29362922
-29362904
-29362922
-29362922
-29362921
-29362902
-29362921
-29362921
-29362921
-29362901
-29362901
-29362901
-29362901
-29362900
-29362900
-29362900
-29362900
-29362899
-29362899
-29362899
-29362899
-29362898
-29362898
-29362898
-29362897
-29362888
-29362888
-29362888
-29362884
-29362884
-29362884
-29362883
-29362883
-29362883
-29363127
-29363127
-29363127
-29363126
-29363126
-29363126
-29363127
-29363114
-29363114
-29363114
-29363114
-29362878
-29362877
-29363112
-29363112
-29362876
-29363111
-29363111
-29363111
-29362610
-29362610
-29362874
-29362610
-29362873
-29362609
-29362872
-29362608
-29362608
-29362871
-29362607
-29362607
-29362607
-29362607
-29362869
-29362591
-29362592
-29362591
-29362557
-29362819
-29362301
-29362301
-29362301
-29362283
-29362544
-29362282
-29362775
-29362278
-29362538
-29362276
-29362276
-29362275
-29362275
-29362274
-29362274
-29362533
-29362273
-29362272
-29362531
-29362272
-29362271
-29362530
-29362271
-29362529
-29362270
-29362528
-29362269
-29362527
-29362268
-29362527
-29362268
-29362267
-29362267
-29362525
-29362266
-29362266
-29362524
-29362265
-29362523
-29362265
-29000130
-29362263
-29000130
-29362247
-29000115
-29000115
-29362503
57646714
57646480
57646974
57646481
57646976
57646482
57646483
57646484
57646978
57646485
57646979
57646708
57646710
57646710
57646710
57646710
57646711
57646711
57646711
57646711
57646712
57646712
57646712
57646713
57646713
57646714
57646714
57646714
57646715
57646715
57646716
57646716
57646716
57646717
57646717
57646717
57646717
57646718
57646718
57646718
57646719
57646719
57646719
57646719
57646720
57646720
57646720
57646721
57646721
57646721
57646722
57646730
57646729
57646793
57646794
57646792
57646792
57646793
57646793
57646794
57646794
57646794
57646795
57646795
57646796
57646796
57646796
57646797
57646797
57646798
57646763
57646799
57646799
57646800
57646765
57646801
57646767
57646802
57646768
57646768
57646769
57646769
57646769
57646770
57646806
57646807
57646807
57646808
57646808
57646809
57646809
57646809
57646810
57646810
57646811
57646811
57646812
57646812
57646812
57646813
57646781
57646782
57646782
57646783
57646783
57646784
57646784
57646784
57646785
57646785
57646786
57646786
57646787
57646787
57646787
57646787
57646788
57646788
57646789
57646826
57646827
57646827
57646827
57646828
57646779
57646793
57646780
57646794
57646781
57646781
57646782
57646782
57646783
57646783
57646783
57646784
57646784
57646785
57646785
57646785
57646785
57646785
57646785
57646839
57646786
57646786
57646840
57646786
57646787
57646841
57646841
57646841
57646841
57646841
57646841
57646841
57646841
57646842
57646842
57646842
57646841
57646842
57646842
57646992
57646992
57647003
57647003
57646954
57647004
57646955
57647004
57647004
57646955
57647004
57647004
57647004
57647015
57647015
57647015
57647015
57647015
57647015
57647015
57647015
57647015
57647015
57647015
57646988
57646988
57646988
57647015
57647015
57647015
57647015
57647015
57647014
57647015
57647014
57647014
57647014
57647014
57646860
57646859
57646856
57646856
57646856
57646856
57646856
57646855
57646856
57646855
57646855
57646855
57646863
57646863
57646863
57646864
57646864
57647002
57647002
57647001
57647001
57647001
57647001
57646986
57647004
57646987
57646987
57647005
57647065
57646850
57646850
57647124
57646891
57646902
57647136
57647135
57647135
57647135
57647134
57647134
57647143
57647142
57647142
57647134
57647142
57647134
57647143
57647143
57647134
57647143
57647134
57647143
57647143
57647143
57647143
57647143
57647143
57647143
57647143
57647143
57647143
57647143
57647143
57647143
57647143
57647143
57647143
57647143
57647143
57647143
57647143
57647143
57647143
57647143
57647143
57647143
58009583
58009583
58009583
57646924
58009583
57646924
58009583
58009583
58009583
57646925
58009583
57646925
57646925
57646925
57646925
57646925
58009584
58009584
58009584
58009584
58009584
58009584
57646917
57646917
57646917
57646928
57646928
57646928
57646928
57646928
57646928
57646928
57646962
57646962
57646971
57646971
57646970
57646971
57646971
57646971
57646971
57646971
57646970
57646970
57646971
57646971
57646971
57646971
57646971
57646971
57646971
57646971
57646972
57646972
57646972
57646972
57646972
57646971
57646971
57646896
57646896
57646895
57646895
57646895
57646894
57646894
57646894
58009638
58009638
58009638
58009637
58009637
58009637
58009637
58009636
58009636
58009636
57647200
57647200
57647200
57647199
57647199
57647199
57647198
57647198
57647197
57647197
57647197
57647196
57647196
57647195
57647196
57647195
57646898
57646897
57647196
58009614
58009614
58009613
58009639
58009613
57647196
58009640
58009640
58009614
57647197
58009640
58009639
58009640
58009639
58009639
58009639
58009639
58009639
58009639
58009639
58009638
58009638
58009638
58009648
58009647
58009647
58009678
58009678
58009693
58009693
58009693
58009693
58009692
58009692
58009692
57647268
57647268
57647268
57647268
57647268
57647267
57647268
57647268
57647268
57647268
57647268
57647268
57647268
57647267
57647267
57647267
57647267
57647267
57647267
57647267
57647270
57647269
57647269
57647269
57647269
57647308
57647307
57647307
57647317
58009728
58009728
58009729
57647092
57647092
58009730
57647319
58009817
57647406
57647226
57647226
57647226
57647225
57647225
57647225
57647224
57647224
57647224
57647402
57647402
57647402
57647402
57647402
57647225
57647225
57647225
57647225
57647224
57647415
57647237
57647415
57647250
57647428
57647255
57647432
57647432
57647255
57647258
57647255
57647256
57647259
58009872
57647259
58009872
57647259
58009872
57647258
58009872
57647258
58009871
57647258
57647257
57647256
57647140
57647139
58009872
58009872
58009871
58009871
58009871
58009870
58009869
58009869
58009880
58009880
58009880
58009880
58009879
58009880
58009879
58009879
57647153
57647153
57647153
57647153
57647153
57647153
57647153
57647153
57647153
57647152
57647152
57647152
57647152
57647152
57647152
57647152
57647152
57647152
57647191
57647190
57647312
57647196
57647196
57647323
57647322
57647322
57647323
57647323
57647323
57647324
57647324
57647338
57647338
57647338
57647342
57647342
57647223
57647224
57647224
57647224
57647224
57647224
57647224
57647224
57647224
57647233
57647232
57647238
57647238
57647238
57647242
57647242
57647242
57647271
57647271
57647300
57647300
57647300
57647301
57647301
57647301
57647301
57647301
57647301
57647301
57647301
57647301
57647301
57647302
57647301
57647301
57647301
57647301
57647301
57647320
57647320
57647321
57647322
57647516
57647322
57647517
57647323
57647518
57647324
57647325
57647325
57647325
57647326
57647326
57647327
57647327
57647523
57647523
57647523
57647524
57647524
57647524
57647524
57647525
57647332
57647332
57647332
57647333
57647333
57647333
57647333
57647334
57647334
57647334
57647335
57647335
57647335
57647532
57647532
57647533
57647436
57647436
57647437
57647437
57647436
57647437
57647475
57647475
57647438
57647438
57647438
57647439
57647439
57647439
57647440
57647440
57647440
57647441
57647441
57647441
57647441
57647442
57647442
57647442
57647546
57647546
57647546
57647547
57647547
57647547
57647548
57647548
57647447
57647447
57647448
57647448
57647448
57647449
57647449
57647449
57647450
57647450
57647450
57647451
57647451
57647496
57647452
57647496
57647497
57647454
57647454
57647498
57647498
57647455
57647499
57647456
57647500
-116370909
-116370952
-116370908
-116370944
-116370945
-116370931
-116370887
-116370887
-116370887
-116370887
-116370888
-116370888
-116370889
-116370889
-116370889
-116370890
-116370890
-116370891
-116370891
-116370892
-116370892
-116370866
-116370867
-116370867
-116370801
-116370802
-116370795
-116370796
-116370796
-116370796
-116370795
-116370827
-116370827
-116370795
-116370827
-116370795
-116370827
-116370827
-116370827
-116370826
-116370826
-116370826
-116370826
-116370826
-116370826
-116370826
-116370718
-116370718
-116370718
-116370718
-116370718
-116370718
-116370718
-116370718
-116370910
-116370910
-116370910
-116370910
-116370910
-116370910
-116370910
-116370911
-116370911
-116370911
-116370911
-116370911
-116370911
